temperatura(x) = 408.707924 + 5.521758x^1 + -0.102524x^2 + 0.000922x^3
entalpia(x) = 2731.845759 + 5.941585x^1 + -0.169762x^2 + 0.001615x^3
densidade(x) = 0.336208 + 0.483024x^1 + -0.000048x^2 + 0.000008x^3
