temperatura(x) = 408.707924 + 5.521758x^1 + -0.102524x^2 + 0.000922x^3
entalpia(x) = 578.773728 + 22.682809x^1 + -0.373929x^2 + 0.003151x^3
densidade(x) = 932.309732 + -5.454961x^1 + 0.080024x^2 + -0.000687x^3
